051125263940
263143465153
252829414749
061924263948
193945485154
031822314060
141624263455
202129343750
021424465960
080917244159
012444464853
080914454860
091841425059
071216374959
093246505557
132527414554
081417314047
141524303547
040722434450
111730354248
011112142357
091223343641
073750585960
102023394155
232644505259
122327365057
032831455051
141517374445
162329394958
021130313236
020820353840
032333384756
010314174556
34131728313760
35212537424850
36132328435059
37222635505356
38152225273342
39040708193040
40253435394555
41122534364748
42131530424653
43010420222345
44142326273549
45071623424748
46091727325157
47111633343841
48010607132449
49050823334652
50030417373943
51030409181949
52010507123859
53141837385356
54181951535458
55031116234653
56032042485659
57010509474954
58112639465560
59020305142344
60051320425459
61091839404548
62131530374648
63030819244058
64070941434460
65050814153234
66303537394548
67010512303348
68083137434755
69022224313956
70020311194160
71071223253944
72053738444659
73042432435760
74151621282951
75020305081617
76121722243746
77020542434458
78010617223541
79202428304858
80101518293455
81071215304758
82101522415759
83152122354043
84020509404956
85040609515356
86052123314860
87083338465860
88051231415258
89042936384759
90081021333446
91031429303135
92071316355256
93051819212460
94101625283857
95152636424956
96021929304246
97122228314458
98222329354351
99012532364143
100171819324460
101121420404955
102222530333744
103061225304956
104051134363849
105072038414659
106092025364546
107041623283857
108081321314147
109144449545760
110152038394042
111010416272931
112011116515259
113033041425056
114030912242852
115101525275058
116091031343554
117142224354445
118021832414954
119061416304448
120172229445560
121011520274048
122183339545758
123031525265559
124212229365155
125020608303243
126171927364257
127151644495458
128021843445657
129011726373945
130081319373955
131113843465360
132092833394256
133081527344557
134081017252953
135212629343955
136020511132252
137182123284045
138071320254051
139142529323436
140050717414453
141112244515760
142031428405760
143010211273355
144011320324155
145031433384658
146030607353638
147060820345156
148051314153559
149202540435051
150131418262760
151333740435355
152252935404356
153010917414760
154013334384552
155011416353853
156021322304455
157122429334152
158131822323959
159111631435260
160293234415560
161031538454749
162070822394553
163061228394249
164030622303259
165061627505556
166040508293144
167262839495658
168042643485557
169020919282953
170192335465056
171082036425360
172060829383945
173051730404460
174082122233050
175143033374352
176070911253135
177041315222340
178020320283752
179081429464959
180152733414460
181073842515658
182030429555660
183032230404958
184071229334347
185052225344546
186122732364044
187121422434453
188010306254456
189071123284954
190111318273653
191092226334358
192031316313841
193062131485260
194071418263748
195101719454750
196030713163334
197010319233557
198021322324347
199184042445257
200222644475357
201121727304952
202111332343839
203154043444754
204424453565758
205233036424657
206161718212253
207030538404554
208082223334041
209091617223435
210012430384446
211121519222428
212222930424953
213161719225152
214070820234849
215182327324348
216232526333744
217021240525660
218031539435056
219041920264247
220011117192652
221040709344858
222011137405559
223264142525559
224172935404957
225183031374054
226021021234043
227010407364448
228163234455253
229042427404850
230021322285960
231030610113855
232050915444648
233040516182144
234243338414751
235152232454656
236030811181924
237062740454758
238021016172954
239101125394953
240053048495158
241071117182659
242162839474854
243013036434859
244040611132038
245061526313538
246273032384749
247010713193751
248020307354356
249222427334647
250233235374459
251161844495354
252131529384455
253161737385354
254101739525457
255242638444560
256041627465060
257061519303443
258101434363857
259193032425659
260055053555759
261061320222425
262102527355859
263023243464959
264142025295760
265012223252729
266040718202955
267192026465258
268192326364649
269081415192152
270202931384554
271112133425860
272022227283746
273040607113952
274023037404152
275061026485859
276061213152946
277030616183944
278081122232637
279060922263452
280141617202527
281062640485056
282111635373950
283141735384658
284082830363858
285132631353658
286102033364557
287101519203143
288010318314146
289182328424350
290010617253034
291082022233040
292183849515358
293081747515457
294010210424955
295062431525556
296101314202530
297020307184852
298042529435051
299010619294751
300092937384156
301072225304145
302062628313637
303121723394857
304041217273050
305172032374551
306131624273842
307061228293744
308091626303437
309030411284243
310011429374751
311153642445058
312010313405354
313071637404249
314010425262758
315103039415153
316272829395455
317020308174549
318071117222358
319030828435356
320031012252751
321082631324657
322031824454952
323030508314055
324091645485557
325083645495354
326102242445060
327192427375560
328010511141721
329071431365859
330323439515758
331050615354551
332020506285660
333091535444654
334041118283754
335093840465259
336092031364657
337141620254657
338081014202433
339131841485258
340142733475558
341142632465759
342202325323638
343172243475460
344131842505660
345111845474849
346152633445557
347030421404446
348121323375459
349050624334260
350041833424856
351161819353640
352020312182945
353091029345356
354060812263442
355021114324346
356011139404656
357022335364049
358131732334548
359131427374350
360112630454653
361264142525359
362262740455060
363182836394950
364323644485258
365102025344960
366101621404649
367061118434554
368061043475153
369061722274952
370040721333560
371040910434953
372031520284854
373081117283137
374142025273948
375091519384244
376031116304758
377061428404152
378034044475059
379132728475356
380132537404955
381121318213543
382010509193649
383354750565758
384020407364148
385060711132450
386071517262856
387051430323346
388010518192430
389253237385254
390091828363840
391131525273958
392213133404157
393041925293341
394092021274448
395091024253140
396071112243133
397032833515360
398131427414452
399020309273539
400192327282932
401050817303943
402012629394659
403050721222658
404040708091242
405184246485659
406141621324047
407294647575860
408142023425355
409102228373850
410091427304655
411042026374548
412121425262954
413071016222558
414121633375760
415030409434559
416020411435255
417313239455659
418060817263435
419030824555758
420071014263556
421101521404257
422041432394358
423243435374354
424041319264257
425111624374853
426022230343653
427021316222939
428010312173359
429182434414353
430101341515260
431061339454651
432091238464950
433141517254852
434022326293647
435050609374660
436011125384748
437013139414359
438031416233046
439020722234058
440040920212257
441112138425057
442202837445055
443061823435456
444030533375255
445072030313540
446131823475558
447222628344258
448061920323557
449051331323652
450111531334057
451040510134348
452223640464952
453010530405759
454091821333738
455022225374453
456011240445054
457071621395860
458172637444556
459223439465457
460023239455360
461081619203242
462112629375055
463052432345760
464010506294052
465091421275257
466022125263453
467010512323957
468082226274448
469040816224143
470111622394143
471012527324059
472051827303452
473021516484960
474050825273236
475052032354653
476042342444758
477050728385156
478121430395253
479132327364352
480010205335759
481013539475359
482192047505160
483061518233053
484040607323848
485151633505359
486062425474858
487072024354147
488052636445055
489081015195055
490042040475051
491082127303552
492113334415059
493121519265060
494111321374054
495060914294344
496102034395160
497030529313748
498141930415258
499032331375759
500033140455455
501031119334358
502101216275153
503091120405860
504111324405158
505091231404953
506152530374143
507111527284858
508030616313840
509131534475254
510061320364547
511173236414350
512202526284457
513020406153756
514082231364751
515010305122229
516162430515860
517131524293335
518061621324260
519091219414957
520010207111430
521041631343642
522123639464857
523041728525459
524182224252848
525022329435154
526131622273455
527031518293953
528041419223033
529121541454958
530202236405158
531031518344458
532072934394551
533101834404958
534151723385359
535101635374457
536072325303160
537082229323753
538142131344555
539051825324953
540061636424356
541050712253351
542081121424446
543031223414256
544061223253237
545121315354760
546020911132124
547010212193360
548242833434555
549021029395157
550252634384056
551030624263360
552010615275054
553060832394550
554094243475160
555041130475057
556042433364344
557182533394145
558010407103052
559082334425159
560081213173941
561093546475758
562142031394154
563243336475154
564111516344353
565171833364159
566111618262840
567364852555759
568011424374456
569071216223156
570162341425152
571182126375258
572071419344152
573283139455057
574010724355459
575202627333459
576263137404453
577060730395360
578161727405152
579061225345052
580122122232429
581012945474859
582263742475153
583122022414357
584202122354452
585334151575859
586021734434449
587103435394759
588043441455253
589212224295860
590203339404246
591132131364751
592121922363743
593010418263052
594051635384750
595032126363741
596050610162224
597071011343744
598020912161943
599152830344260
600040507082556
601041842565758
602101249535759
603040719395455
604051418445657
605213251525560
606102330345254
607102122303641
608222832344160
609141517181957
610163341475158
611202125334255
612212432333541
613192628374749
614081522243451
615030815354259
616070823305056
617141620265051
618042834525459
619132036373844
620063940435360
621071722232857
622141628374452
623020823335155
624082022405258
625041728293941
626262932414758
627192529314856
628081525263459
629151635374548
630010203173349
631162231525760
632242639535659
633122528374256
634012325334752
635020612161734
636112327404354
637183036485660
638031730344552
639051628435355
640031315414547
641041921253038
642072631323437
643021316364254
644021726325058
645111527455255
646091623344257
647041216242633
648020910132544
649051220264459
650041619234760
651143441555859
652020709254351
653142427455355
654323344464760
655012234374950
656183542464752
657020512173644
658101617385256
659011014214456
660081420283744
661212327283560
662111826464954
663323646555860
664061050555658
665020611253342
666010837465657
667091824394658
668041017183234
669010612293550
670141840414751
671011012192951
672013538424656
673152630324651
674232627374057
675020809163244
676031122384560
677192224434748
678171924284649
679050825283451
680011213253639
681062022273960
682373950535659
683203334364960
684163441455459
685022934444760
686193540434647
687020815185258
688123132475457
689021145495357
690121826444955
691142028323949
692282933535760
693010923344357
694060818334855
695061926444753
696091529364357
697012731505354
698192335375558
699051416374247
700063033374560
701051038434454
702051729404352
703091840424950
704091417293436
705222832364850
706040911182633
707041232364952
708141622414351
709052639444555
710010311172038
711163953545860
712212548505158
713162930435457
714082944475260
715061930414547
716072628374449
717181925424360
718050710204655
719021620375058
720143345535859
721051225313852
722092425344356
723071417254350
724021734454655
725030512162952
726083540434958
727091017183843
728033233435557
729052234404148
730032931364254
731031422485059
732014045475052
733272840555760
734323839455355
735133436384059
736324143454655
737010405071748
738052037414853
739111232384551
740052022243558
741112528374451
742071924305254
743011222303758
744303538455058
745243337444647
746070834394344
747060714424557
748182425365456
749132944535556
750091114173453
751141922333547
752011422293651
753202537394048
754061025283159
755364245485355
756051248495460
757162527303760
758040810141954
759162328354657
760183138394955
761011018222448
762011426323557
763041619365660
764131419295052
765030509324452
766273741434552
767122836515455
768031420233049
769274043555758
770233846525759
771151723323351
772020616182743
773122733364252
774041316203449
775051928314751
776152633364648
777040618204350
778192627303957
779022124283049
780010609103146
781122124275254
782142526272847
783032224375556
784131550515456
785010513204060
786051415234447
787032329465659
788031011204356
789132729333653
790062728324851
791182443445159
792141820383958
793091019353755
794041829394050
795121729313747
796051718193356
797031214304651
798061116252631
799010413204154
800041526333945
801021011214452
802053741475254
803091425354550
804040816415758
805101721283156
806131418253239
807091941465456
808153440475758
809192735405053
810020819355558
811101112213460
812040828454654
813223943444756
814222529374654
815093039404149
816011622255355
817141731375159
818162029384950
819081024394850
820273035404256
821011314284557
822020532344449
823212529364953
824031225333953
825051419334351
826040914425559
827102627343854
828223341485160
829151744484951
830192735414251
831263236444959
832101832425053
833203047515357
834051117253646
835151623243951
836081422243236
837021113435254
838151924275556
839101418324958
840102629355159
841121335363744
842101216222529
843020319213445
844214345495657
845111416263243
846123435434648
847061336475360
848153437475158
849183338475052
850041223414458
851152734424549
852031426285153
853072736454955
854111923293845
855031222273150
856031223374457
857132428444859
858013438434459
859203435434857
860364752535460
861010335545659
862030613303254
863050719242643
864021130465760
865111415464849
866011320314360
867012324264749
868020709425360
869121315293552
870030519243235
871131636474855
872282934363942
873060915485558
874162029325059
875012122252633
876020514192040
877030513333860
878152032394460
879061219263237
880111630404149
881151931354249
882202732485052
883051216224759
884051626274445
885243235455657
886070913555760
887051930384552
888020326283659
889263740425557
890192122234060
891162832404356
892051024293057
893242639405258
894032938414849
895121922333857
896051221273256
897020408253051
898061718284354
899333848495356
900121821244957
901091222375558
902051929405053
903081121414849
904061718202635
905333746495258
906010511353944
907081523265556
908151928325157
909172732384550
910020306072052
911071121242947
912020622455760
913041216395259
914020331355355
915121833424449
916112027364955
917131435445158
918041123414654
919103539424954
920030829354560
921121626373942
922273138444549
923012530454657
924062233345760
925060928405053
926040607122632
927051517344558
928121317242734
929051025313951
930020405084546
931061518232645
932111520274152
933042830313239
934011226545960
935193241444752
936040539405660
937030609213048
938012032395356
939051718323755
940142528535458
941222832334054
942061017263252
943070824363744
944030710143451
945031419293337
946011222234255
947081118374151
948031825263758
949111718353857
950041522285160
951031015345258
952062225263052
953283839485559
954101932505153
955222527314360
956040513244853
957101215304551
958042125364647
959103032394349
960153638404349
961243035364052
962173132354556
963060711202235
964010523434749
965030517485260
966152223263555
967112438394356
968050708363742
969131932333859
970161832363853
971121328314647
972112122263554
973020514314349
974051632344043
975071120242534
976131520455457
977132326323638
978374244515559
979043448525359
980061327424959
981121821293955
982102445475157
983172335474857
984061542444957
985032542454957
986072433374650
987131821263639
988172527434551
989131931333645
990010932454852
991053439464855
992164756585960
993163839435559
994131519284260
995062830385152
996232829353943
997041217192432
998081420475255
999010816304453
1000011018295057
